128,35
10,27
10,131
10,157
10,35
10,9
10,123
10,2
10,3
11,12
11,17
11,26
11,2
9,7
9,1
9,5
9,2
9,3
8,6
8,15
8,13
8,11
8,10
8,12
8,4
127,5
127,4
127,3
127,2
127,1
127,0
102,5
102,4
102,3
102,2
102,1
102,0
97,6
97,5
97,4
97,3
97,2
97,1
97,0
96,6
96,5
96,4
96,3
96,2
96,1
96,0
95,5
95,4
95,3
95,2
95,1
95,0
94,5
94,4
94,3
94,2
94,1
94,0
91,3
91,2
91,1
91,0
90,3
90,2
90,1
90,0
89,3
89,2
89,1
20,3
20,2
20,1
19,3
19,2
19,1
12,3
12,2
12,1
11,30
11,29
11,27
11,24
11,22
11,21
11,20
11,19
11,18
11,16
11,13
11,11
11,7
11,6
11,1
11,5
18,1
11,3
18,3
10,275
10,145
14,1
10,89
10,87
14,3
13,1
10,17
10,1
13,3
10,11
8,18
8,14
8,8
8,1
